yPos =

   195   199
    97   100
    98   101
   111   116
   200   198
   111   111
   101    97
    60    60
   225   226
   199   195
   139   139
   100   102
    85    87
   154   154
    72    71
   227   227
   252   251
     0     4
    87    85
    29    29
   251   251
   182   182
    97    99
   242   240
   168   172
   112   116
    55    57
   168   171
   224   224
    88    85
   183   183
    57    56
   156   156
   223   226
    30    32
    57    57
    70    71
   183   182
    99   101
    83    86
   251   254
    31    31
    86    84
    45    45
    16    16
    71    73
   155   153
    59    55
    31    28
   127   127
    27    30
   172   172
   198   195
    84    87
    86    84
    14    17
   198   197
    85    88
    85    88
   102    97
    29    28
   128   127
    30    32
    17    17
   254   254
   200   196
   225   227
    27    28
    73    70
    55    56
   252   252
     4     0
   144   143
    97    98
   112   111
    45    44
   125   127
   197   197
    45    41
   171   170
   198   196
   153   157
    58    58
    84    87
   169   172
    74    70
   112   112
   181   182
   171   171
    99   101
    55    60
   198   196
   114   115
   171   170
   252   252
   111   116
    74    72
    85    88
   183   183
   153   158
   196   195
    70    74
   112   115
    73    74
   113   115
   210   213
    98    97
   195   199
   224   223
   144   139
   183   184
   209   214
   112   116
   251   255
   141   144
   224   228
   227   228
   200   196
   144   140
   212   212
   255   252
   199   197
    87    87
   153   156
    69    74
    58    58
    57    55
     1     3
    30    31
    16    14
   237   240
   195   199
    83    87
   157   158
    59    58
   195   197
    29    28
    55    56
     4     2
    97    99
    97    97
   239   242
   130   128
    60    60
    83    86
   168   172
   102    97
    28    29
    99    97
    30    31
   197   195
   200   198
    86    88
    98   101
   168   172
    59    58
    84    87
    31    28
     1     4
   156   156
   200   198
   182   186
    72    69
    27    28
    74    72
    55    55
   251   251
    71    73
   155   156
    14    17
   114   114
    83    84
    86    84
    86    84
   154   153
   195   195
    69    71
   212   212
   225   227
   141   143
    86    84
   116   115
   158   153
   168   171
   170   172
   254   254
   116   115
   195   199
   153   153
    57    60
   253   252
   197   196
    83    83
    85    83
   169   170
   153   156
   212   210
   154   153
   226   225
   238   240
    85    88
   183   182
     4     0
    57    58
   115   116
   239   242
   168   172
   181   181
   227   223
   170   168
    30    32
   253   252
   144   143
    84    87
    85    88
   111   111
   101   100
   169   172
    55    57
   200   196
    70    70
   158   153
   225   227
    18    13
    72    71
   183   183
   116   116
    55    57
    31    28
   144   144
   172   170
   185   183
   228   228
   213   214
    84    83
   200   196
    27    30
   184   182
   144   140
   254   251
   172   169
   155   156
   253   252
     1     0
   196   195
    31    28
   196   197
     3     3
    71    73
    18    16
   170   172
   112   114
    44    46
    27    27
    85    88
    83    86
   143   140
   141   142
   224   227
    59    58
   115   113
    27    30
    30    32
    29    28
   210   209
   182   185
   141   144
    59    55
   242   240
   156   153
   251   252
   171   170
   226   225
   199   198
    97    98
   226   225
   212   213
   197   199
   210   209
    28    29
   183   183
   153   157
   197   196
    57    55
    56    58
    73    71
   172   172
    87    87
   226   223
   239   242
   167   172
   157   155
   185   185
   169   171
   154   156
   209   212
     4     1
    42    44
   116   115
    87    83
    31    27
   255   252
   225   226
    83    88
   111   111
   157   158
    29    29
   111   115
    14    17
   254   253
   116   115
   112   111
   172   170
   141   139
   197   196
    31    31
   226   225
   168   171
   255   251
   198   196
   155   153
   195   196
   153   157
    59    59
   111   111
   102    97
    57    55
    31    28
   195   196
    85    85
    30    28
   200   196
    72    71
     0     3
   111   111
   195   197
   116   115
     1     3
   128   127
    58    58
   102    97
   101    97
    60    60
    99   101
    43    46
   213   209
   128   128
    97   100
   223   226
     3     0
   100   102
   209   214
    74    71
    84    88
    72    71
   170   172
   156   158
   211   212
   196   196
    83    84
   210   212
   113   115
   195   196
   167   172
   155   156
    97   100
   213   212
   227   223
    57    55
   116   115
    85    88
   225   227
   125   127
   183   186
   112   112
   253   252
   100   102
     1     0
    86    87
     1     4
   183   183
   112   116
   209   210
   153   157
    57    55
     4     2
   182   182
   116   115
    85    84
    13    17
    98   100
    60    60
   170   171
   199   195
    99    98
    69    72
   183   181
   102   100
   224   228
   227   223
   171   171
   183   186
    84    84
   167   168
   228   225
   181   183
    86    87
    16    14
    29    29
   198   196
   167   170
   101    97
   113   113
   183   183
    30    32
    31    31
    30    31
    46    46
   252   251
   251   254
   171   170
   254   251
   182   183
   168   169
   242   240
    56    60
     3     0
    57    55
   102   100
     0     4
    55    57
   141   143
   197   196
   143   140
   196   199
    99   100
    57    55
     4     0
    85    88
    71    73
    60    57
    45    44
    74    73
    44    44
   167   168
   153   158
    56    55
   112   116
    84    88
   196   199
    31    28
    27    31
    85    88
   153   156
    97   100
    86    83
    84    87
    31    31
    18    18
   130   128
    46    46
   143   143
   155   157
   198   196
   255   251
    56    60
   182   185
   127   125
   115   115
   116   112
    31    31
   224   224
    32    30
   128   125
    74    73
   181   186
     4     2
   116   111
    57    56
   111   116
    55    57
     2     3
    17    15
    69    74
    71    73
   167   170
   184   182
   224   227
   198   197
   140   139
    18    15
   251   255
   255   252
   113   115
   101   100
   182   181
   239   239
    87    86
   157   158
    85    83
    38    26
    61     6
   112    81
   138    97
   129   217
   200   249
   160   228
    32    74
   136    29
   190   232
   156   134
   223   247
   110    90
   102   113
   183   112
   118   229
   183   183
    96    47
   183   141
   115    69
   209    43
   250   176
   208    23
   108    84
   144   173
   180   237
    60   194
    71   117
   249   243
   229   201
   161   139
   230    95
   139    97
   170   123
    47   172
   144   219
   225   183
   181   170
   139   198
   121   129
    37   122
   191   220
   119   239
    21   239
   148   253
   241     8
    27   120
   115   143
    89   180
    94   191
    55   189
    25   160
   166    64
    65   116
   250   219
   205   195
    37    59
   159    65
   144    84
   119   153
   129   101
    99   134
    43    87
    88   123
   242    69
   189    20
    94   253
   190    49
    51   182
   244   129
   152   106
    15    84
    13    87
   166    71
    58   158
    81    58
   177   134
   162    54
   244   247
    23   212
    55   217
   210    57
    88   253
    15   241
    52    43
   192   209
   169   140
   212   112
   200   207
   135   204
   248    62
   131   101
    15    58
    69   123
   185   155
   110   194
   110    97
   123   204
   213   115
    15   118
    74   203
   198    64
    99    38
   173    88
    27   228
    60    20
   208   119
   137   165
   115   134
   148   154
   148   156
    19   182
    30   143
    99    85
   195   212
   133   182
    59   171
   251   217
   117   163
   115   102
   198    86
   230    23
    70    62
    48    73
    51   184
   188    93
   199   197
   226    83
   200   125
   153   194
   240   195
   227   233
    37    22
    62    91
   183    44
   248     7
   190   198
    25    44
    93    83
    87    66
   136   153
   198   112
   104    72
    99   130
   203    58
   207    70
   210   126
   209    15
   191    84
   110   127
    32   235
   192   172
   113   229
   128   174
    81   204
    51   234
   144    38
    61   215
   124   129
    46    22
   250   149
     2    59
   129   130
   115   213
   226     8
   206   146
   135   109
   160   106
    74    71
   103    43
   135    26
   117    22
   194   173
   157   125
    30    68
    40   219
   188   118
   106   212
    85   209
   109    34
   213    33
    59    24
   215   113
   235   223
   153   239
    28   159
   205    65
    71    41
   158   172
   140   118
   219    61
   215    85
    54     4
   151   116
   111    23
   254   253
   214    96
   111    55
   159    95
   241   126
    69   193
    71   196
    63   219
   189   157
   255    21
   220   132
   156   197
   174    17
    27   215
    18   215
   243   241
   231   113
    35   131
   150    97
    79   238
   112   164
   125     0
   179    55
    82   149
    40    57
     5    18
    56    54
   236   132
   175   219
   119   115
    96   149
    36   156
    31    97
   101    97
    30    61
    92   184
   255   212
   213    64
    74   201
    56   183
   255   225
    68    29
    31     0
   157    20
   248   226
   116   243
    95   167
    98   100
   143   139
     4    71
    49    29
   140   151
   115    99
    22    77
   235   119
   226    89
    81    75
   222    77
   225   227
    63    70
    85   217
   126   165
    53    88
   116   112
   128    95
     8   245
    85    85
    59   108
   237   114
   108   113
   196   158
   251   255
   155   252
   239   152
    84   164
   245   133
   124    86
    34   117
    55   215
   173    57
    48   176
   196   103
   185   213
   155    19
   233   225
   183   183
   234    21
    83   106
    63    53
    45    46
   229   150
   199    82
    55    92
   114   111
   220   248
   254    74
    61   210
    80   180
   211   212
   246   159
    21    59
   225   226
   225   242
    60   188
    70    97
   159   155
   183   244
   227    76
   144   139
    39    80
   123    26
   215    77
   162     8
    85   117
   195   232
    79   184
    78    67
    27    30
    72   117
    80    17
   239    66
    18    28
   134   159
   218   212
    70    89
   106     3
   104   168
    83   218
   182   118
   111   211
    91   164
    38    62
   185   183
    29    40
   128   187
   210   225
   211    83
    85   227
   190    26
   223    34
   116   113
   124   200
    87    91
    58   194
   199   228
   141    31
   144   228
    59   227
    30    42
    97    41
   155   201
   171   171
   233   233
   107   213
   195    67
   197    40
   147    52
    83    67
    87    75
   119   178
   182   209
   252   120
   226   212
    22    34
    57   157
    22   139
   184    42
    42   172
    22   117
   225   157
    25   158
   131    28
   251    41
    21     2
   180    67
   175    34
   252   200
   173   225
     6    15
     2   141
   160   252
   157   121
    21   120
    96   251
    73   183
   228    31
   215    86
    77   108
   175    49
   220   224
    25   181
    59    69
   218   102
    38   253
    97   198
   153   116
   194   215
    61    58
   113   183
   151   219
    41    66
   124    83
   249   168
   139   245
   181   204
    15    74
    45   216
   201   243
   224    12
    13    71
   196     8
   171   228
    97   151
    63   250
   211   211
   134    76
   242   225
    31    32
    80   156
    64   133
    72    83
    51    31
   116    73
    46    58
    86    20
    37   224
   171   172
    20   186
    47    65
   100    53
   112   109
    22   127
   110    99
   195    19
    12    83
   127    82
   171   233
    73     9
   170    85
   110   198
   188   237
   152   213
   197   111
    51    88
   118   161
   213   213
   228   182
   184   108
    27   172
   195   196
    79    87
    99   210
   132   151
   199   149
    67    23
   153   204
    13    93
   113   244
   124    81
   168   183
    28   101
    73    71
    85    52
    15   161
   143    31
   230   199
    83   214
   127   223
    11   180
   106   200
   211   204
    85   198
   125   102
   163    18
   178   202
   240    30
   112   148
    94    88
   139   222
    24    98
    56   235
   216   115
   239   224
   207   137
   116   116
    96   102
    27    70
    55    57
   164   249
    65    65
   162    79
   248   193
   112    83
   171    78
   152    70
    38    28

